-50.83
150.98
75.74
-146.03
144.21
74.07
133.67
174.92
76.13
205.85
28.57
92.57
110.91
20.90
-0.33
289.44
217.10
265.88
-53.19
148.81
47.75
-128.41
-136.25
-39.05
-58.95
288.37
-178.33
-153.88
-121.26
277.36
-122.75
-28.72
87.12
-74.73
-28.98
-168.15
127.40
244.27
-191.05
19.38
121.39
233.06
56.53
-43.13
-46.64
4.92
138.78
-123.31
25.18
235.35
72.89
-494.29
-134.98
108.62
173.12
28.50
144.79
58.57
62.53
0.29
-17.80
-75.66
224.01
-91.12
-105.21
-91.08
-176.92
96.66
-115.89
112.61
-77.08
-58.23
158.89
-114.31
229.80
-196.17
254.51
-131.49
251.79
208.57
4.70
217.57
286.39
-162.90
-70.55
-18.04
-114.25
-72.56
112.80
-30.97
-70.24
291.49
82.50
198.08
-190.07
56.71
217.92
230.50
92.64
157.37
-0.25
288.73
193.39
-169.28
179.10
-5.89
253.60
283.36
260.56
11.37
283.16
103.30
235.33
3.34
233.95
226.29
236.81
287.32
249.16
219.44
-25.61
-58.61
179.38
-10.74
25.50
230.97
-99.62
-72.49
206.76
-7.43
225.65
265.58
-89.14
60.79
94.56
11.50
8.36
63.30
-120.03
-47.21
234.81
-97.21
-177.43
5.68
229.87
75.88
-84.94
-140.37
-176.11
234.63
-16.79
-168.81
268.26
95.23
-105.30
137.72
-16.18
10.35
178.80
210.31
166.51
-60.15
117.34
217.25
-26.24
49.19
-44.74
-127.31
116.90
243.15
-100.64
-110.23
65.64
-157.55
-172.17
250.15
131.79
200.76
91.53
134.63
-108.51
234.92
-125.06
-199.19
137.04
8.38
244.52
264.55
39.73
-125.72
-62.60
293.15
-72.59
214.31
29.90
-77.47
-150.92
284.05
18.47
133.77
